
4000
0 11 0 0
0 11 1 1
0 11 2 2
0 11 3 3
0 11 4 4
0 11 5 5
0 11 6 6
0 11 7 7
0 11 8 8
0 11 9 9
0 11 10 10
0 11 11 11
0 11 12 12
0 11 13 13
0 11 14 14
0 11 15 15
0 11 16 16
0 11 17 17
0 11 18 18
0 11 19 19
0 11 20 20
0 11 21 21
0 11 22 22
0 11 23 23
0 11 24 24
0 11 25 25
0 11 26 26
0 11 27 27
0 11 28 28
0 11 29 29
0 11 30 30
0 11 31 31
0 11 32 32
0 11 33 33
0 11 34 34
0 11 35 35
0 11 36 36
0 11 37 37
0 11 38 38
0 11 39 39
0 11 40 40
0 11 41 41
0 11 42 42
0 11 43 43
0 11 44 44
0 11 45 45
0 11 46 46
0 11 47 47
0 11 48 48
0 11 49 49
0 11 50 50
0 11 51 51
0 11 52 52
0 11 53 53
0 11 54 54
0 11 55 55
0 11 56 56
0 11 57 57
0 11 58 58
0 11 59 59
0 11 60 60
0 11 61 61
0 11 62 62
0 11 63 63
0 11 64 64
0 11 65 65
0 11 66 66
0 11 67 67
0 11 68 68
0 11 69 69
0 11 70 70
0 11 71 71
0 11 72 72
0 11 73 73
0 11 74 74
0 11 75 75
0 11 76 76
0 11 77 77
0 11 78 78
0 11 79 79
0 11 80 80
0 11 81 81
0 11 82 82
0 11 83 83
0 11 84 84
0 11 85 85
0 11 86 86
0 11 87 87
0 11 88 88
0 11 89 89
0 11 90 90
0 11 91 91
0 11 92 92
0 11 93 93
0 11 94 94
0 11 95 95
0 11 96 96
0 11 97 97
0 11 98 98
0 11 99 99
0 11 100 100
0 11 101 101
0 11 102 102
0 11 103 103
0 11 104 104
0 11 105 105
0 11 106 106
0 11 107 107
0 11 108 108
0 11 109 109
0 11 110 110
0 11 111 111
0 11 112 112
0 11 113 113
0 11 114 114
0 11 115 115
0 11 116 116
0 11 117 117
0 11 118 118
0 11 119 119
0 11 120 120
0 11 121 121
0 11 122 122
0 11 123 123
0 11 124 124
0 11 125 125
0 11 126 126
0 11 127 127
0 11 128 128
0 11 129 129
0 11 130 130
0 11 131 131
0 11 132 132
0 11 133 133
0 11 134 134
0 11 135 135
0 11 136 136
0 11 137 137
0 11 138 138
0 11 139 139
0 11 140 140
0 11 141 141
0 11 142 142
0 11 143 143
0 11 144 144
0 11 145 145
0 11 146 146
0 11 147 147
0 11 148 148
0 11 149 149
0 11 150 150
0 11 151 151
0 11 152 152
0 11 153 153
0 11 154 154
0 11 155 155
0 11 156 156
0 11 157 157
0 11 158 158
0 11 159 159
0 11 160 160
0 11 161 161
0 11 162 162
0 11 163 163
0 11 164 164
0 11 165 165
0 11 166 166
0 11 167 167
0 11 168 168
0 11 169 169
0 11 170 170
0 11 171 171
0 11 172 172
0 11 173 173
0 11 174 174
0 11 175 175
0 11 176 176
0 11 177 177
0 11 178 178
0 11 179 179
0 11 180 180
0 11 181 181
0 11 182 182
0 11 183 183
0 11 184 184
0 11 185 185
0 11 186 186
0 11 187 187
0 11 188 188
0 11 189 189
0 11 190 190
0 11 191 191
0 11 192 192
0 11 193 193
0 11 194 194
0 11 195 195
0 11 196 196
0 11 197 197
0 11 198 198
0 11 199 199
0 11 200 200
0 11 201 201
0 11 202 202
0 11 203 203
0 11 204 204
0 11 205 205
0 11 206 206
0 11 207 207
0 11 208 208
0 11 209 209
0 11 210 210
0 11 211 211
0 11 212 212
0 11 213 213
0 11 214 214
0 11 215 215
0 11 216 216
0 11 217 217
0 11 218 218
0 11 219 219
0 11 220 220
0 11 221 221
0 11 222 222
0 11 223 223
0 11 224 224
0 11 225 225
0 11 226 226
0 11 227 227
0 11 228 228
0 11 229 229
0 11 230 230
0 11 231 231
0 11 232 232
0 11 233 233
0 11 234 234
0 11 235 235
0 11 236 236
0 11 237 237
0 11 238 238
0 11 239 239
0 11 240 240
0 11 241 241
0 11 242 242
0 11 243 243
0 11 244 244
0 11 245 245
0 11 246 246
0 11 247 247
0 11 248 248
0 11 249 249
12 23 0 0
12 23 1 1
12 23 2 2
12 23 3 3
12 23 4 4
12 23 5 5
12 23 6 6
12 23 7 7
12 23 8 8
12 23 9 9
12 23 10 10
12 23 11 11
12 23 12 12
12 23 13 13
12 23 14 14
12 23 15 15
12 23 16 16
12 23 17 17
12 23 18 18
12 23 19 19
12 23 20 20
12 23 21 21
12 23 22 22
12 23 23 23
12 23 24 24
12 23 25 25
12 23 26 26
12 23 27 27
12 23 28 28
12 23 29 29
12 23 30 30
12 23 31 31
12 23 32 32
12 23 33 33
12 23 34 34
12 23 35 35
12 23 36 36
12 23 37 37
12 23 38 38
12 23 39 39
12 23 40 40
12 23 41 41
12 23 42 42
12 23 43 43
12 23 44 44
12 23 45 45
12 23 46 46
12 23 47 47
12 23 48 48
12 23 49 49
12 23 50 50
12 23 51 51
12 23 52 52
12 23 53 53
12 23 54 54
12 23 55 55
12 23 56 56
12 23 57 57
12 23 58 58
12 23 59 59
12 23 60 60
12 23 61 61
12 23 62 62
12 23 63 63
12 23 64 64
12 23 65 65
12 23 66 66
12 23 67 67
12 23 68 68
12 23 69 69
12 23 70 70
12 23 71 71
12 23 72 72
12 23 73 73
12 23 74 74
12 23 75 75
12 23 76 76
12 23 77 77
12 23 78 78
12 23 79 79
12 23 80 80
12 23 81 81
12 23 82 82
12 23 83 83
12 23 84 84
12 23 85 85
12 23 86 86
12 23 87 87
12 23 88 88
12 23 89 89
12 23 90 90
12 23 91 91
12 23 92 92
12 23 93 93
12 23 94 94
12 23 95 95
12 23 96 96
12 23 97 97
12 23 98 98
12 23 99 99
12 23 100 100
12 23 101 101
12 23 102 102
12 23 103 103
12 23 104 104
12 23 105 105
12 23 106 106
12 23 107 107
12 23 108 108
12 23 109 109
12 23 110 110
12 23 111 111
12 23 112 112
12 23 113 113
12 23 114 114
12 23 115 115
12 23 116 116
12 23 117 117
12 23 118 118
12 23 119 119
12 23 120 120
12 23 121 121
12 23 122 122
12 23 123 123
12 23 124 124
12 23 125 125
12 23 126 126
12 23 127 127
12 23 128 128
12 23 129 129
12 23 130 130
12 23 131 131
12 23 132 132
12 23 133 133
12 23 134 134
12 23 135 135
12 23 136 136
12 23 137 137
12 23 138 138
12 23 139 139
12 23 140 140
12 23 141 141
12 23 142 142
12 23 143 143
12 23 144 144
12 23 145 145
12 23 146 146
12 23 147 147
12 23 148 148
12 23 149 149
12 23 150 150
12 23 151 151
12 23 152 152
12 23 153 153
12 23 154 154
12 23 155 155
12 23 156 156
12 23 157 157
12 23 158 158
12 23 159 159
12 23 160 160
12 23 161 161
12 23 162 162
12 23 163 163
12 23 164 164
12 23 165 165
12 23 166 166
12 23 167 167
12 23 168 168
12 23 169 169
12 23 170 170
12 23 171 171
12 23 172 172
12 23 173 173
12 23 174 174
12 23 175 175
12 23 176 176
12 23 177 177
12 23 178 178
12 23 179 179
12 23 180 180
12 23 181 181
12 23 182 182
12 23 183 183
12 23 184 184
12 23 185 185
12 23 186 186
12 23 187 187
12 23 188 188
12 23 189 189
12 23 190 190
12 23 191 191
12 23 192 192
12 23 193 193
12 23 194 194
12 23 195 195
12 23 196 196
12 23 197 197
12 23 198 198
12 23 199 199
12 23 200 200
12 23 201 201
12 23 202 202
12 23 203 203
12 23 204 204
12 23 205 205
12 23 206 206
12 23 207 207
12 23 208 208
12 23 209 209
12 23 210 210
12 23 211 211
12 23 212 212
12 23 213 213
12 23 214 214
12 23 215 215
12 23 216 216
12 23 217 217
12 23 218 218
12 23 219 219
12 23 220 220
12 23 221 221
12 23 222 222
12 23 223 223
12 23 224 224
12 23 225 225
12 23 226 226
12 23 227 227
12 23 228 228
12 23 229 229
12 23 230 230
12 23 231 231
12 23 232 232
12 23 233 233
12 23 234 234
12 23 235 235
12 23 236 236
12 23 237 237
12 23 238 238
12 23 239 239
12 23 240 240
12 23 241 241
12 23 242 242
12 23 243 243
12 23 244 244
12 23 245 245
12 23 246 246
12 23 247 247
12 23 248 248
12 23 249 249
24 35 0 0
24 35 1 1
24 35 2 2
24 35 3 3
24 35 4 4
24 35 5 5
24 35 6 6
24 35 7 7
24 35 8 8
24 35 9 9
24 35 10 10
24 35 11 11
24 35 12 12
24 35 13 13
24 35 14 14
24 35 15 15
24 35 16 16
24 35 17 17
24 35 18 18
24 35 19 19
24 35 20 20
24 35 21 21
24 35 22 22
24 35 23 23
24 35 24 24
24 35 25 25
24 35 26 26
24 35 27 27
24 35 28 28
24 35 29 29
24 35 30 30
24 35 31 31
24 35 32 32
24 35 33 33
24 35 34 34
24 35 35 35
24 35 36 36
24 35 37 37
24 35 38 38
24 35 39 39
24 35 40 40
24 35 41 41
24 35 42 42
24 35 43 43
24 35 44 44
24 35 45 45
24 35 46 46
24 35 47 47
24 35 48 48
24 35 49 49
24 35 50 50
24 35 51 51
24 35 52 52
24 35 53 53
24 35 54 54
24 35 55 55
24 35 56 56
24 35 57 57
24 35 58 58
24 35 59 59
24 35 60 60
24 35 61 61
24 35 62 62
24 35 63 63
24 35 64 64
24 35 65 65
24 35 66 66
24 35 67 67
24 35 68 68
24 35 69 69
24 35 70 70
24 35 71 71
24 35 72 72
24 35 73 73
24 35 74 74
24 35 75 75
24 35 76 76
24 35 77 77
24 35 78 78
24 35 79 79
24 35 80 80
24 35 81 81
24 35 82 82
24 35 83 83
24 35 84 84
24 35 85 85
24 35 86 86
24 35 87 87
24 35 88 88
24 35 89 89
24 35 90 90
24 35 91 91
24 35 92 92
24 35 93 93
24 35 94 94
24 35 95 95
24 35 96 96
24 35 97 97
24 35 98 98
24 35 99 99
24 35 100 100
24 35 101 101
24 35 102 102
24 35 103 103
24 35 104 104
24 35 105 105
24 35 106 106
24 35 107 107
24 35 108 108
24 35 109 109
24 35 110 110
24 35 111 111
24 35 112 112
24 35 113 113
24 35 114 114
24 35 115 115
24 35 116 116
24 35 117 117
24 35 118 118
24 35 119 119
24 35 120 120
24 35 121 121
24 35 122 122
24 35 123 123
24 35 124 124
24 35 125 125
24 35 126 126
24 35 127 127
24 35 128 128
24 35 129 129
24 35 130 130
24 35 131 131
24 35 132 132
24 35 133 133
24 35 134 134
24 35 135 135
24 35 136 136
24 35 137 137
24 35 138 138
24 35 139 139
24 35 140 140
24 35 141 141
24 35 142 142
24 35 143 143
24 35 144 144
24 35 145 145
24 35 146 146
24 35 147 147
24 35 148 148
24 35 149 149
24 35 150 150
24 35 151 151
24 35 152 152
24 35 153 153
24 35 154 154
24 35 155 155
24 35 156 156
24 35 157 157
24 35 158 158
24 35 159 159
24 35 160 160
24 35 161 161
24 35 162 162
24 35 163 163
24 35 164 164
24 35 165 165
24 35 166 166
24 35 167 167
24 35 168 168
24 35 169 169
24 35 170 170
24 35 171 171
24 35 172 172
24 35 173 173
24 35 174 174
24 35 175 175
24 35 176 176
24 35 177 177
24 35 178 178
24 35 179 179
24 35 180 180
24 35 181 181
24 35 182 182
24 35 183 183
24 35 184 184
24 35 185 185
24 35 186 186
24 35 187 187
24 35 188 188
24 35 189 189
24 35 190 190
24 35 191 191
24 35 192 192
24 35 193 193
24 35 194 194
24 35 195 195
24 35 196 196
24 35 197 197
24 35 198 198
24 35 199 199
24 35 200 200
24 35 201 201
24 35 202 202
24 35 203 203
24 35 204 204
24 35 205 205
24 35 206 206
24 35 207 207
24 35 208 208
24 35 209 209
24 35 210 210
24 35 211 211
24 35 212 212
24 35 213 213
24 35 214 214
24 35 215 215
24 35 216 216
24 35 217 217
24 35 218 218
24 35 219 219
24 35 220 220
24 35 221 221
24 35 222 222
24 35 223 223
24 35 224 224
24 35 225 225
24 35 226 226
24 35 227 227
24 35 228 228
24 35 229 229
24 35 230 230
24 35 231 231
24 35 232 232
24 35 233 233
24 35 234 234
24 35 235 235
24 35 236 236
24 35 237 237
24 35 238 238
24 35 239 239
24 35 240 240
24 35 241 241
24 35 242 242
24 35 243 243
24 35 244 244
24 35 245 245
24 35 246 246
24 35 247 247
24 35 248 248
24 35 249 249
36 47 0 0
36 47 1 1
36 47 2 2
36 47 3 3
36 47 4 4
36 47 5 5
36 47 6 6
36 47 7 7
36 47 8 8
36 47 9 9
36 47 10 10
36 47 11 11
36 47 12 12
36 47 13 13
36 47 14 14
36 47 15 15
36 47 16 16
36 47 17 17
36 47 18 18
36 47 19 19
36 47 20 20
36 47 21 21
36 47 22 22
36 47 23 23
36 47 24 24
36 47 25 25
36 47 26 26
36 47 27 27
36 47 28 28
36 47 29 29
36 47 30 30
36 47 31 31
36 47 32 32
36 47 33 33
36 47 34 34
36 47 35 35
36 47 36 36
36 47 37 37
36 47 38 38
36 47 39 39
36 47 40 40
36 47 41 41
36 47 42 42
36 47 43 43
36 47 44 44
36 47 45 45
36 47 46 46
36 47 47 47
36 47 48 48
36 47 49 49
36 47 50 50
36 47 51 51
36 47 52 52
36 47 53 53
36 47 54 54
36 47 55 55
36 47 56 56
36 47 57 57
36 47 58 58
36 47 59 59
36 47 60 60
36 47 61 61
36 47 62 62
36 47 63 63
36 47 64 64
36 47 65 65
36 47 66 66
36 47 67 67
36 47 68 68
36 47 69 69
36 47 70 70
36 47 71 71
36 47 72 72
36 47 73 73
36 47 74 74
36 47 75 75
36 47 76 76
36 47 77 77
36 47 78 78
36 47 79 79
36 47 80 80
36 47 81 81
36 47 82 82
36 47 83 83
36 47 84 84
36 47 85 85
36 47 86 86
36 47 87 87
36 47 88 88
36 47 89 89
36 47 90 90
36 47 91 91
36 47 92 92
36 47 93 93
36 47 94 94
36 47 95 95
36 47 96 96
36 47 97 97
36 47 98 98
36 47 99 99
36 47 100 100
36 47 101 101
36 47 102 102
36 47 103 103
36 47 104 104
36 47 105 105
36 47 106 106
36 47 107 107
36 47 108 108
36 47 109 109
36 47 110 110
36 47 111 111
36 47 112 112
36 47 113 113
36 47 114 114
36 47 115 115
36 47 116 116
36 47 117 117
36 47 118 118
36 47 119 119
36 47 120 120
36 47 121 121
36 47 122 122
36 47 123 123
36 47 124 124
36 47 125 125
36 47 126 126
36 47 127 127
36 47 128 128
36 47 129 129
36 47 130 130
36 47 131 131
36 47 132 132
36 47 133 133
36 47 134 134
36 47 135 135
36 47 136 136
36 47 137 137
36 47 138 138
36 47 139 139
36 47 140 140
36 47 141 141
36 47 142 142
36 47 143 143
36 47 144 144
36 47 145 145
36 47 146 146
36 47 147 147
36 47 148 148
36 47 149 149
36 47 150 150
36 47 151 151
36 47 152 152
36 47 153 153
36 47 154 154
36 47 155 155
36 47 156 156
36 47 157 157
36 47 158 158
36 47 159 159
36 47 160 160
36 47 161 161
36 47 162 162
36 47 163 163
36 47 164 164
36 47 165 165
36 47 166 166
36 47 167 167
36 47 168 168
36 47 169 169
36 47 170 170
36 47 171 171
36 47 172 172
36 47 173 173
36 47 174 174
36 47 175 175
36 47 176 176
36 47 177 177
36 47 178 178
36 47 179 179
36 47 180 180
36 47 181 181
36 47 182 182
36 47 183 183
36 47 184 184
36 47 185 185
36 47 186 186
36 47 187 187
36 47 188 188
36 47 189 189
36 47 190 190
36 47 191 191
36 47 192 192
36 47 193 193
36 47 194 194
36 47 195 195
36 47 196 196
36 47 197 197
36 47 198 198
36 47 199 199
36 47 200 200
36 47 201 201
36 47 202 202
36 47 203 203
36 47 204 204
36 47 205 205
36 47 206 206
36 47 207 207
36 47 208 208
36 47 209 209
36 47 210 210
36 47 211 211
36 47 212 212
36 47 213 213
36 47 214 214
36 47 215 215
36 47 216 216
36 47 217 217
36 47 218 218
36 47 219 219
36 47 220 220
36 47 221 221
36 47 222 222
36 47 223 223
36 47 224 224
36 47 225 225
36 47 226 226
36 47 227 227
36 47 228 228
36 47 229 229
36 47 230 230
36 47 231 231
36 47 232 232
36 47 233 233
36 47 234 234
36 47 235 235
36 47 236 236
36 47 237 237
36 47 238 238
36 47 239 239
36 47 240 240
36 47 241 241
36 47 242 242
36 47 243 243
36 47 244 244
36 47 245 245
36 47 246 246
36 47 247 247
36 47 248 248
36 47 249 249
48 59 0 0
48 59 1 1
48 59 2 2
48 59 3 3
48 59 4 4
48 59 5 5
48 59 6 6
48 59 7 7
48 59 8 8
48 59 9 9
48 59 10 10
48 59 11 11
48 59 12 12
48 59 13 13
48 59 14 14
48 59 15 15
48 59 16 16
48 59 17 17
48 59 18 18
48 59 19 19
48 59 20 20
48 59 21 21
48 59 22 22
48 59 23 23
48 59 24 24
48 59 25 25
48 59 26 26
48 59 27 27
48 59 28 28
48 59 29 29
48 59 30 30
48 59 31 31
48 59 32 32
48 59 33 33
48 59 34 34
48 59 35 35
48 59 36 36
48 59 37 37
48 59 38 38
48 59 39 39
48 59 40 40
48 59 41 41
48 59 42 42
48 59 43 43
48 59 44 44
48 59 45 45
48 59 46 46
48 59 47 47
48 59 48 48
48 59 49 49
48 59 50 50
48 59 51 51
48 59 52 52
48 59 53 53
48 59 54 54
48 59 55 55
48 59 56 56
48 59 57 57
48 59 58 58
48 59 59 59
48 59 60 60
48 59 61 61
48 59 62 62
48 59 63 63
48 59 64 64
48 59 65 65
48 59 66 66
48 59 67 67
48 59 68 68
48 59 69 69
48 59 70 70
48 59 71 71
48 59 72 72
48 59 73 73
48 59 74 74
48 59 75 75
48 59 76 76
48 59 77 77
48 59 78 78
48 59 79 79
48 59 80 80
48 59 81 81
48 59 82 82
48 59 83 83
48 59 84 84
48 59 85 85
48 59 86 86
48 59 87 87
48 59 88 88
48 59 89 89
48 59 90 90
48 59 91 91
48 59 92 92
48 59 93 93
48 59 94 94
48 59 95 95
48 59 96 96
48 59 97 97
48 59 98 98
48 59 99 99
48 59 100 100
48 59 101 101
48 59 102 102
48 59 103 103
48 59 104 104
48 59 105 105
48 59 106 106
48 59 107 107
48 59 108 108
48 59 109 109
48 59 110 110
48 59 111 111
48 59 112 112
48 59 113 113
48 59 114 114
48 59 115 115
48 59 116 116
48 59 117 117
48 59 118 118
48 59 119 119
48 59 120 120
48 59 121 121
48 59 122 122
48 59 123 123
48 59 124 124
48 59 125 125
48 59 126 126
48 59 127 127
48 59 128 128
48 59 129 129
48 59 130 130
48 59 131 131
48 59 132 132
48 59 133 133
48 59 134 134
48 59 135 135
48 59 136 136
48 59 137 137
48 59 138 138
48 59 139 139
48 59 140 140
48 59 141 141
48 59 142 142
48 59 143 143
48 59 144 144
48 59 145 145
48 59 146 146
48 59 147 147
48 59 148 148
48 59 149 149
48 59 150 150
48 59 151 151
48 59 152 152
48 59 153 153
48 59 154 154
48 59 155 155
48 59 156 156
48 59 157 157
48 59 158 158
48 59 159 159
48 59 160 160
48 59 161 161
48 59 162 162
48 59 163 163
48 59 164 164
48 59 165 165
48 59 166 166
48 59 167 167
48 59 168 168
48 59 169 169
48 59 170 170
48 59 171 171
48 59 172 172
48 59 173 173
48 59 174 174
48 59 175 175
48 59 176 176
48 59 177 177
48 59 178 178
48 59 179 179
48 59 180 180
48 59 181 181
48 59 182 182
48 59 183 183
48 59 184 184
48 59 185 185
48 59 186 186
48 59 187 187
48 59 188 188
48 59 189 189
48 59 190 190
48 59 191 191
48 59 192 192
48 59 193 193
48 59 194 194
48 59 195 195
48 59 196 196
48 59 197 197
48 59 198 198
48 59 199 199
48 59 200 200
48 59 201 201
48 59 202 202
48 59 203 203
48 59 204 204
48 59 205 205
48 59 206 206
48 59 207 207
48 59 208 208
48 59 209 209
48 59 210 210
48 59 211 211
48 59 212 212
48 59 213 213
48 59 214 214
48 59 215 215
48 59 216 216
48 59 217 217
48 59 218 218
48 59 219 219
48 59 220 220
48 59 221 221
48 59 222 222
48 59 223 223
48 59 224 224
48 59 225 225
48 59 226 226
48 59 227 227
48 59 228 228
48 59 229 229
48 59 230 230
48 59 231 231
48 59 232 232
48 59 233 233
48 59 234 234
48 59 235 235
48 59 236 236
48 59 237 237
48 59 238 238
48 59 239 239
48 59 240 240
48 59 241 241
48 59 242 242
48 59 243 243
48 59 244 244
48 59 245 245
48 59 246 246
48 59 247 247
48 59 248 248
48 59 249 249
60 71 0 0
60 71 1 1
60 71 2 2
60 71 3 3
60 71 4 4
60 71 5 5
60 71 6 6
60 71 7 7
60 71 8 8
60 71 9 9
60 71 10 10
60 71 11 11
60 71 12 12
60 71 13 13
60 71 14 14
60 71 15 15
60 71 16 16
60 71 17 17
60 71 18 18
60 71 19 19
60 71 20 20
60 71 21 21
60 71 22 22
60 71 23 23
60 71 24 24
60 71 25 25
60 71 26 26
60 71 27 27
60 71 28 28
60 71 29 29
60 71 30 30
60 71 31 31
60 71 32 32
60 71 33 33
60 71 34 34
60 71 35 35
60 71 36 36
60 71 37 37
60 71 38 38
60 71 39 39
60 71 40 40
60 71 41 41
60 71 42 42
60 71 43 43
60 71 44 44
60 71 45 45
60 71 46 46
60 71 47 47
60 71 48 48
60 71 49 49
60 71 50 50
60 71 51 51
60 71 52 52
60 71 53 53
60 71 54 54
60 71 55 55
60 71 56 56
60 71 57 57
60 71 58 58
60 71 59 59
60 71 60 60
60 71 61 61
60 71 62 62
60 71 63 63
60 71 64 64
60 71 65 65
60 71 66 66
60 71 67 67
60 71 68 68
60 71 69 69
60 71 70 70
60 71 71 71
60 71 72 72
60 71 73 73
60 71 74 74
60 71 75 75
60 71 76 76
60 71 77 77
60 71 78 78
60 71 79 79
60 71 80 80
60 71 81 81
60 71 82 82
60 71 83 83
60 71 84 84
60 71 85 85
60 71 86 86
60 71 87 87
60 71 88 88
60 71 89 89
60 71 90 90
60 71 91 91
60 71 92 92
60 71 93 93
60 71 94 94
60 71 95 95
60 71 96 96
60 71 97 97
60 71 98 98
60 71 99 99
60 71 100 100
60 71 101 101
60 71 102 102
60 71 103 103
60 71 104 104
60 71 105 105
60 71 106 106
60 71 107 107
60 71 108 108
60 71 109 109
60 71 110 110
60 71 111 111
60 71 112 112
60 71 113 113
60 71 114 114
60 71 115 115
60 71 116 116
60 71 117 117
60 71 118 118
60 71 119 119
60 71 120 120
60 71 121 121
60 71 122 122
60 71 123 123
60 71 124 124
60 71 125 125
60 71 126 126
60 71 127 127
60 71 128 128
60 71 129 129
60 71 130 130
60 71 131 131
60 71 132 132
60 71 133 133
60 71 134 134
60 71 135 135
60 71 136 136
60 71 137 137
60 71 138 138
60 71 139 139
60 71 140 140
60 71 141 141
60 71 142 142
60 71 143 143
60 71 144 144
60 71 145 145
60 71 146 146
60 71 147 147
60 71 148 148
60 71 149 149
60 71 150 150
60 71 151 151
60 71 152 152
60 71 153 153
60 71 154 154
60 71 155 155
60 71 156 156
60 71 157 157
60 71 158 158
60 71 159 159
60 71 160 160
60 71 161 161
60 71 162 162
60 71 163 163
60 71 164 164
60 71 165 165
60 71 166 166
60 71 167 167
60 71 168 168
60 71 169 169
60 71 170 170
60 71 171 171
60 71 172 172
60 71 173 173
60 71 174 174
60 71 175 175
60 71 176 176
60 71 177 177
60 71 178 178
60 71 179 179
60 71 180 180
60 71 181 181
60 71 182 182
60 71 183 183
60 71 184 184
60 71 185 185
60 71 186 186
60 71 187 187
60 71 188 188
60 71 189 189
60 71 190 190
60 71 191 191
60 71 192 192
60 71 193 193
60 71 194 194
60 71 195 195
60 71 196 196
60 71 197 197
60 71 198 198
60 71 199 199
60 71 200 200
60 71 201 201
60 71 202 202
60 71 203 203
60 71 204 204
60 71 205 205
60 71 206 206
60 71 207 207
60 71 208 208
60 71 209 209
60 71 210 210
60 71 211 211
60 71 212 212
60 71 213 213
60 71 214 214
60 71 215 215
60 71 216 216
60 71 217 217
60 71 218 218
60 71 219 219
60 71 220 220
60 71 221 221
60 71 222 222
60 71 223 223
60 71 224 224
60 71 225 225
60 71 226 226
60 71 227 227
60 71 228 228
60 71 229 229
60 71 230 230
60 71 231 231
60 71 232 232
60 71 233 233
60 71 234 234
60 71 235 235
60 71 236 236
60 71 237 237
60 71 238 238
60 71 239 239
60 71 240 240
60 71 241 241
60 71 242 242
60 71 243 243
60 71 244 244
60 71 245 245
60 71 246 246
60 71 247 247
60 71 248 248
60 71 249 249
72 83 0 0
72 83 1 1
72 83 2 2
72 83 3 3
72 83 4 4
72 83 5 5
72 83 6 6
72 83 7 7
72 83 8 8
72 83 9 9
72 83 10 10
72 83 11 11
72 83 12 12
72 83 13 13
72 83 14 14
72 83 15 15
72 83 16 16
72 83 17 17
72 83 18 18
72 83 19 19
72 83 20 20
72 83 21 21
72 83 22 22
72 83 23 23
72 83 24 24
72 83 25 25
72 83 26 26
72 83 27 27
72 83 28 28
72 83 29 29
72 83 30 30
72 83 31 31
72 83 32 32
72 83 33 33
72 83 34 34
72 83 35 35
72 83 36 36
72 83 37 37
72 83 38 38
72 83 39 39
72 83 40 40
72 83 41 41
72 83 42 42
72 83 43 43
72 83 44 44
72 83 45 45
72 83 46 46
72 83 47 47
72 83 48 48
72 83 49 49
72 83 50 50
72 83 51 51
72 83 52 52
72 83 53 53
72 83 54 54
72 83 55 55
72 83 56 56
72 83 57 57
72 83 58 58
72 83 59 59
72 83 60 60
72 83 61 61
72 83 62 62
72 83 63 63
72 83 64 64
72 83 65 65
72 83 66 66
72 83 67 67
72 83 68 68
72 83 69 69
72 83 70 70
72 83 71 71
72 83 72 72
72 83 73 73
72 83 74 74
72 83 75 75
72 83 76 76
72 83 77 77
72 83 78 78
72 83 79 79
72 83 80 80
72 83 81 81
72 83 82 82
72 83 83 83
72 83 84 84
72 83 85 85
72 83 86 86
72 83 87 87
72 83 88 88
72 83 89 89
72 83 90 90
72 83 91 91
72 83 92 92
72 83 93 93
72 83 94 94
72 83 95 95
72 83 96 96
72 83 97 97
72 83 98 98
72 83 99 99
72 83 100 100
72 83 101 101
72 83 102 102
72 83 103 103
72 83 104 104
72 83 105 105
72 83 106 106
72 83 107 107
72 83 108 108
72 83 109 109
72 83 110 110
72 83 111 111
72 83 112 112
72 83 113 113
72 83 114 114
72 83 115 115
72 83 116 116
72 83 117 117
72 83 118 118
72 83 119 119
72 83 120 120
72 83 121 121
72 83 122 122
72 83 123 123
72 83 124 124
72 83 125 125
72 83 126 126
72 83 127 127
72 83 128 128
72 83 129 129
72 83 130 130
72 83 131 131
72 83 132 132
72 83 133 133
72 83 134 134
72 83 135 135
72 83 136 136
72 83 137 137
72 83 138 138
72 83 139 139
72 83 140 140
72 83 141 141
72 83 142 142
72 83 143 143
72 83 144 144
72 83 145 145
72 83 146 146
72 83 147 147
72 83 148 148
72 83 149 149
72 83 150 150
72 83 151 151
72 83 152 152
72 83 153 153
72 83 154 154
72 83 155 155
72 83 156 156
72 83 157 157
72 83 158 158
72 83 159 159
72 83 160 160
72 83 161 161
72 83 162 162
72 83 163 163
72 83 164 164
72 83 165 165
72 83 166 166
72 83 167 167
72 83 168 168
72 83 169 169
72 83 170 170
72 83 171 171
72 83 172 172
72 83 173 173
72 83 174 174
72 83 175 175
72 83 176 176
72 83 177 177
72 83 178 178
72 83 179 179
72 83 180 180
72 83 181 181
72 83 182 182
72 83 183 183
72 83 184 184
72 83 185 185
72 83 186 186
72 83 187 187
72 83 188 188
72 83 189 189
72 83 190 190
72 83 191 191
72 83 192 192
72 83 193 193
72 83 194 194
72 83 195 195
72 83 196 196
72 83 197 197
72 83 198 198
72 83 199 199
72 83 200 200
72 83 201 201
72 83 202 202
72 83 203 203
72 83 204 204
72 83 205 205
72 83 206 206
72 83 207 207
72 83 208 208
72 83 209 209
72 83 210 210
72 83 211 211
72 83 212 212
72 83 213 213
72 83 214 214
72 83 215 215
72 83 216 216
72 83 217 217
72 83 218 218
72 83 219 219
72 83 220 220
72 83 221 221
72 83 222 222
72 83 223 223
72 83 224 224
72 83 225 225
72 83 226 226
72 83 227 227
72 83 228 228
72 83 229 229
72 83 230 230
72 83 231 231
72 83 232 232
72 83 233 233
72 83 234 234
72 83 235 235
72 83 236 236
72 83 237 237
72 83 238 238
72 83 239 239
72 83 240 240
72 83 241 241
72 83 242 242
72 83 243 243
72 83 244 244
72 83 245 245
72 83 246 246
72 83 247 247
72 83 248 248
72 83 249 249
84 95 0 0
84 95 1 1
84 95 2 2
84 95 3 3
84 95 4 4
84 95 5 5
84 95 6 6
84 95 7 7
84 95 8 8
84 95 9 9
84 95 10 10
84 95 11 11
84 95 12 12
84 95 13 13
84 95 14 14
84 95 15 15
84 95 16 16
84 95 17 17
84 95 18 18
84 95 19 19
84 95 20 20
84 95 21 21
84 95 22 22
84 95 23 23
84 95 24 24
84 95 25 25
84 95 26 26
84 95 27 27
84 95 28 28
84 95 29 29
84 95 30 30
84 95 31 31
84 95 32 32
84 95 33 33
84 95 34 34
84 95 35 35
84 95 36 36
84 95 37 37
84 95 38 38
84 95 39 39
84 95 40 40
84 95 41 41
84 95 42 42
84 95 43 43
84 95 44 44
84 95 45 45
84 95 46 46
84 95 47 47
84 95 48 48
84 95 49 49
84 95 50 50
84 95 51 51
84 95 52 52
84 95 53 53
84 95 54 54
84 95 55 55
84 95 56 56
84 95 57 57
84 95 58 58
84 95 59 59
84 95 60 60
84 95 61 61
84 95 62 62
84 95 63 63
84 95 64 64
84 95 65 65
84 95 66 66
84 95 67 67
84 95 68 68
84 95 69 69
84 95 70 70
84 95 71 71
84 95 72 72
84 95 73 73
84 95 74 74
84 95 75 75
84 95 76 76
84 95 77 77
84 95 78 78
84 95 79 79
84 95 80 80
84 95 81 81
84 95 82 82
84 95 83 83
84 95 84 84
84 95 85 85
84 95 86 86
84 95 87 87
84 95 88 88
84 95 89 89
84 95 90 90
84 95 91 91
84 95 92 92
84 95 93 93
84 95 94 94
84 95 95 95
84 95 96 96
84 95 97 97
84 95 98 98
84 95 99 99
84 95 100 100
84 95 101 101
84 95 102 102
84 95 103 103
84 95 104 104
84 95 105 105
84 95 106 106
84 95 107 107
84 95 108 108
84 95 109 109
84 95 110 110
84 95 111 111
84 95 112 112
84 95 113 113
84 95 114 114
84 95 115 115
84 95 116 116
84 95 117 117
84 95 118 118
84 95 119 119
84 95 120 120
84 95 121 121
84 95 122 122
84 95 123 123
84 95 124 124
84 95 125 125
84 95 126 126
84 95 127 127
84 95 128 128
84 95 129 129
84 95 130 130
84 95 131 131
84 95 132 132
84 95 133 133
84 95 134 134
84 95 135 135
84 95 136 136
84 95 137 137
84 95 138 138
84 95 139 139
84 95 140 140
84 95 141 141
84 95 142 142
84 95 143 143
84 95 144 144
84 95 145 145
84 95 146 146
84 95 147 147
84 95 148 148
84 95 149 149
84 95 150 150
84 95 151 151
84 95 152 152
84 95 153 153
84 95 154 154
84 95 155 155
84 95 156 156
84 95 157 157
84 95 158 158
84 95 159 159
84 95 160 160
84 95 161 161
84 95 162 162
84 95 163 163
84 95 164 164
84 95 165 165
84 95 166 166
84 95 167 167
84 95 168 168
84 95 169 169
84 95 170 170
84 95 171 171
84 95 172 172
84 95 173 173
84 95 174 174
84 95 175 175
84 95 176 176
84 95 177 177
84 95 178 178
84 95 179 179
84 95 180 180
84 95 181 181
84 95 182 182
84 95 183 183
84 95 184 184
84 95 185 185
84 95 186 186
84 95 187 187
84 95 188 188
84 95 189 189
84 95 190 190
84 95 191 191
84 95 192 192
84 95 193 193
84 95 194 194
84 95 195 195
84 95 196 196
84 95 197 197
84 95 198 198
84 95 199 199
84 95 200 200
84 95 201 201
84 95 202 202
84 95 203 203
84 95 204 204
84 95 205 205
84 95 206 206
84 95 207 207
84 95 208 208
84 95 209 209
84 95 210 210
84 95 211 211
84 95 212 212
84 95 213 213
84 95 214 214
84 95 215 215
84 95 216 216
84 95 217 217
84 95 218 218
84 95 219 219
84 95 220 220
84 95 221 221
84 95 222 222
84 95 223 223
84 95 224 224
84 95 225 225
84 95 226 226
84 95 227 227
84 95 228 228
84 95 229 229
84 95 230 230
84 95 231 231
84 95 232 232
84 95 233 233
84 95 234 234
84 95 235 235
84 95 236 236
84 95 237 237
84 95 238 238
84 95 239 239
84 95 240 240
84 95 241 241
84 95 242 242
84 95 243 243
84 95 244 244
84 95 245 245
84 95 246 246
84 95 247 247
84 95 248 248
84 95 249 249
96 107 0 0
96 107 1 1
96 107 2 2
96 107 3 3
96 107 4 4
96 107 5 5
96 107 6 6
96 107 7 7
96 107 8 8
96 107 9 9
96 107 10 10
96 107 11 11
96 107 12 12
96 107 13 13
96 107 14 14
96 107 15 15
96 107 16 16
96 107 17 17
96 107 18 18
96 107 19 19
96 107 20 20
96 107 21 21
96 107 22 22
96 107 23 23
96 107 24 24
96 107 25 25
96 107 26 26
96 107 27 27
96 107 28 28
96 107 29 29
96 107 30 30
96 107 31 31
96 107 32 32
96 107 33 33
96 107 34 34
96 107 35 35
96 107 36 36
96 107 37 37
96 107 38 38
96 107 39 39
96 107 40 40
96 107 41 41
96 107 42 42
96 107 43 43
96 107 44 44
96 107 45 45
96 107 46 46
96 107 47 47
96 107 48 48
96 107 49 49
96 107 50 50
96 107 51 51
96 107 52 52
96 107 53 53
96 107 54 54
96 107 55 55
96 107 56 56
96 107 57 57
96 107 58 58
96 107 59 59
96 107 60 60
96 107 61 61
96 107 62 62
96 107 63 63
96 107 64 64
96 107 65 65
96 107 66 66
96 107 67 67
96 107 68 68
96 107 69 69
96 107 70 70
96 107 71 71
96 107 72 72
96 107 73 73
96 107 74 74
96 107 75 75
96 107 76 76
96 107 77 77
96 107 78 78
96 107 79 79
96 107 80 80
96 107 81 81
96 107 82 82
96 107 83 83
96 107 84 84
96 107 85 85
96 107 86 86
96 107 87 87
96 107 88 88
96 107 89 89
96 107 90 90
96 107 91 91
96 107 92 92
96 107 93 93
96 107 94 94
96 107 95 95
96 107 96 96
96 107 97 97
96 107 98 98
96 107 99 99
96 107 100 100
96 107 101 101
96 107 102 102
96 107 103 103
96 107 104 104
96 107 105 105
96 107 106 106
96 107 107 107
96 107 108 108
96 107 109 109
96 107 110 110
96 107 111 111
96 107 112 112
96 107 113 113
96 107 114 114
96 107 115 115
96 107 116 116
96 107 117 117
96 107 118 118
96 107 119 119
96 107 120 120
96 107 121 121
96 107 122 122
96 107 123 123
96 107 124 124
96 107 125 125
96 107 126 126
96 107 127 127
96 107 128 128
96 107 129 129
96 107 130 130
96 107 131 131
96 107 132 132
96 107 133 133
96 107 134 134
96 107 135 135
96 107 136 136
96 107 137 137
96 107 138 138
96 107 139 139
96 107 140 140
96 107 141 141
96 107 142 142
96 107 143 143
96 107 144 144
96 107 145 145
96 107 146 146
96 107 147 147
96 107 148 148
96 107 149 149
96 107 150 150
96 107 151 151
96 107 152 152
96 107 153 153
96 107 154 154
96 107 155 155
96 107 156 156
96 107 157 157
96 107 158 158
96 107 159 159
96 107 160 160
96 107 161 161
96 107 162 162
96 107 163 163
96 107 164 164
96 107 165 165
96 107 166 166
96 107 167 167
96 107 168 168
96 107 169 169
96 107 170 170
96 107 171 171
96 107 172 172
96 107 173 173
96 107 174 174
96 107 175 175
96 107 176 176
96 107 177 177
96 107 178 178
96 107 179 179
96 107 180 180
96 107 181 181
96 107 182 182
96 107 183 183
96 107 184 184
96 107 185 185
96 107 186 186
96 107 187 187
96 107 188 188
96 107 189 189
96 107 190 190
96 107 191 191
96 107 192 192
96 107 193 193
96 107 194 194
96 107 195 195
96 107 196 196
96 107 197 197
96 107 198 198
96 107 199 199
96 107 200 200
96 107 201 201
96 107 202 202
96 107 203 203
96 107 204 204
96 107 205 205
96 107 206 206
96 107 207 207
96 107 208 208
96 107 209 209
96 107 210 210
96 107 211 211
96 107 212 212
96 107 213 213
96 107 214 214
96 107 215 215
96 107 216 216
96 107 217 217
96 107 218 218
96 107 219 219
96 107 220 220
96 107 221 221
96 107 222 222
96 107 223 223
96 107 224 224
96 107 225 225
96 107 226 226
96 107 227 227
96 107 228 228
96 107 229 229
96 107 230 230
96 107 231 231
96 107 232 232
96 107 233 233
96 107 234 234
96 107 235 235
96 107 236 236
96 107 237 237
96 107 238 238
96 107 239 239
96 107 240 240
96 107 241 241
96 107 242 242
96 107 243 243
96 107 244 244
96 107 245 245
96 107 246 246
96 107 247 247
96 107 248 248
96 107 249 249
108 119 0 0
108 119 1 1
108 119 2 2
108 119 3 3
108 119 4 4
108 119 5 5
108 119 6 6
108 119 7 7
108 119 8 8
108 119 9 9
108 119 10 10
108 119 11 11
108 119 12 12
108 119 13 13
108 119 14 14
108 119 15 15
108 119 16 16
108 119 17 17
108 119 18 18
108 119 19 19
108 119 20 20
108 119 21 21
108 119 22 22
108 119 23 23
108 119 24 24
108 119 25 25
108 119 26 26
108 119 27 27
108 119 28 28
108 119 29 29
108 119 30 30
108 119 31 31
108 119 32 32
108 119 33 33
108 119 34 34
108 119 35 35
108 119 36 36
108 119 37 37
108 119 38 38
108 119 39 39
108 119 40 40
108 119 41 41
108 119 42 42
108 119 43 43
108 119 44 44
108 119 45 45
108 119 46 46
108 119 47 47
108 119 48 48
108 119 49 49
108 119 50 50
108 119 51 51
108 119 52 52
108 119 53 53
108 119 54 54
108 119 55 55
108 119 56 56
108 119 57 57
108 119 58 58
108 119 59 59
108 119 60 60
108 119 61 61
108 119 62 62
108 119 63 63
108 119 64 64
108 119 65 65
108 119 66 66
108 119 67 67
108 119 68 68
108 119 69 69
108 119 70 70
108 119 71 71
108 119 72 72
108 119 73 73
108 119 74 74
108 119 75 75
108 119 76 76
108 119 77 77
108 119 78 78
108 119 79 79
108 119 80 80
108 119 81 81
108 119 82 82
108 119 83 83
108 119 84 84
108 119 85 85
108 119 86 86
108 119 87 87
108 119 88 88
108 119 89 89
108 119 90 90
108 119 91 91
108 119 92 92
108 119 93 93
108 119 94 94
108 119 95 95
108 119 96 96
108 119 97 97
108 119 98 98
108 119 99 99
108 119 100 100
108 119 101 101
108 119 102 102
108 119 103 103
108 119 104 104
108 119 105 105
108 119 106 106
108 119 107 107
108 119 108 108
108 119 109 109
108 119 110 110
108 119 111 111
108 119 112 112
108 119 113 113
108 119 114 114
108 119 115 115
108 119 116 116
108 119 117 117
108 119 118 118
108 119 119 119
108 119 120 120
108 119 121 121
108 119 122 122
108 119 123 123
108 119 124 124
108 119 125 125
108 119 126 126
108 119 127 127
108 119 128 128
108 119 129 129
108 119 130 130
108 119 131 131
108 119 132 132
108 119 133 133
108 119 134 134
108 119 135 135
108 119 136 136
108 119 137 137
108 119 138 138
108 119 139 139
108 119 140 140
108 119 141 141
108 119 142 142
108 119 143 143
108 119 144 144
108 119 145 145
108 119 146 146
108 119 147 147
108 119 148 148
108 119 149 149
108 119 150 150
108 119 151 151
108 119 152 152
108 119 153 153
108 119 154 154
108 119 155 155
108 119 156 156
108 119 157 157
108 119 158 158
108 119 159 159
108 119 160 160
108 119 161 161
108 119 162 162
108 119 163 163
108 119 164 164
108 119 165 165
108 119 166 166
108 119 167 167
108 119 168 168
108 119 169 169
108 119 170 170
108 119 171 171
108 119 172 172
108 119 173 173
108 119 174 174
108 119 175 175
108 119 176 176
108 119 177 177
108 119 178 178
108 119 179 179
108 119 180 180
108 119 181 181
108 119 182 182
108 119 183 183
108 119 184 184
108 119 185 185
108 119 186 186
108 119 187 187
108 119 188 188
108 119 189 189
108 119 190 190
108 119 191 191
108 119 192 192
108 119 193 193
108 119 194 194
108 119 195 195
108 119 196 196
108 119 197 197
108 119 198 198
108 119 199 199
108 119 200 200
108 119 201 201
108 119 202 202
108 119 203 203
108 119 204 204
108 119 205 205
108 119 206 206
108 119 207 207
108 119 208 208
108 119 209 209
108 119 210 210
108 119 211 211
108 119 212 212
108 119 213 213
108 119 214 214
108 119 215 215
108 119 216 216
108 119 217 217
108 119 218 218
108 119 219 219
108 119 220 220
108 119 221 221
108 119 222 222
108 119 223 223
108 119 224 224
108 119 225 225
108 119 226 226
108 119 227 227
108 119 228 228
108 119 229 229
108 119 230 230
108 119 231 231
108 119 232 232
108 119 233 233
108 119 234 234
108 119 235 235
108 119 236 236
108 119 237 237
108 119 238 238
108 119 239 239
108 119 240 240
108 119 241 241
108 119 242 242
108 119 243 243
108 119 244 244
108 119 245 245
108 119 246 246
108 119 247 247
108 119 248 248
108 119 249 249
120 131 0 0
120 131 1 1
120 131 2 2
120 131 3 3
120 131 4 4
120 131 5 5
120 131 6 6
120 131 7 7
120 131 8 8
120 131 9 9
120 131 10 10
120 131 11 11
120 131 12 12
120 131 13 13
120 131 14 14
120 131 15 15
120 131 16 16
120 131 17 17
120 131 18 18
120 131 19 19
120 131 20 20
120 131 21 21
120 131 22 22
120 131 23 23
120 131 24 24
120 131 25 25
120 131 26 26
120 131 27 27
120 131 28 28
120 131 29 29
120 131 30 30
120 131 31 31
120 131 32 32
120 131 33 33
120 131 34 34
120 131 35 35
120 131 36 36
120 131 37 37
120 131 38 38
120 131 39 39
120 131 40 40
120 131 41 41
120 131 42 42
120 131 43 43
120 131 44 44
120 131 45 45
120 131 46 46
120 131 47 47
120 131 48 48
120 131 49 49
120 131 50 50
120 131 51 51
120 131 52 52
120 131 53 53
120 131 54 54
120 131 55 55
120 131 56 56
120 131 57 57
120 131 58 58
120 131 59 59
120 131 60 60
120 131 61 61
120 131 62 62
120 131 63 63
120 131 64 64
120 131 65 65
120 131 66 66
120 131 67 67
120 131 68 68
120 131 69 69
120 131 70 70
120 131 71 71
120 131 72 72
120 131 73 73
120 131 74 74
120 131 75 75
120 131 76 76
120 131 77 77
120 131 78 78
120 131 79 79
120 131 80 80
120 131 81 81
120 131 82 82
120 131 83 83
120 131 84 84
120 131 85 85
120 131 86 86
120 131 87 87
120 131 88 88
120 131 89 89
120 131 90 90
120 131 91 91
120 131 92 92
120 131 93 93
120 131 94 94
120 131 95 95
120 131 96 96
120 131 97 97
120 131 98 98
120 131 99 99
120 131 100 100
120 131 101 101
120 131 102 102
120 131 103 103
120 131 104 104
120 131 105 105
120 131 106 106
120 131 107 107
120 131 108 108
120 131 109 109
120 131 110 110
120 131 111 111
120 131 112 112
120 131 113 113
120 131 114 114
120 131 115 115
120 131 116 116
120 131 117 117
120 131 118 118
120 131 119 119
120 131 120 120
120 131 121 121
120 131 122 122
120 131 123 123
120 131 124 124
120 131 125 125
120 131 126 126
120 131 127 127
120 131 128 128
120 131 129 129
120 131 130 130
120 131 131 131
120 131 132 132
120 131 133 133
120 131 134 134
120 131 135 135
120 131 136 136
120 131 137 137
120 131 138 138
120 131 139 139
120 131 140 140
120 131 141 141
120 131 142 142
120 131 143 143
120 131 144 144
120 131 145 145
120 131 146 146
120 131 147 147
120 131 148 148
120 131 149 149
120 131 150 150
120 131 151 151
120 131 152 152
120 131 153 153
120 131 154 154
120 131 155 155
120 131 156 156
120 131 157 157
120 131 158 158
120 131 159 159
120 131 160 160
120 131 161 161
120 131 162 162
120 131 163 163
120 131 164 164
120 131 165 165
120 131 166 166
120 131 167 167
120 131 168 168
120 131 169 169
120 131 170 170
120 131 171 171
120 131 172 172
120 131 173 173
120 131 174 174
120 131 175 175
120 131 176 176
120 131 177 177
120 131 178 178
120 131 179 179
120 131 180 180
120 131 181 181
120 131 182 182
120 131 183 183
120 131 184 184
120 131 185 185
120 131 186 186
120 131 187 187
120 131 188 188
120 131 189 189
120 131 190 190
120 131 191 191
120 131 192 192
120 131 193 193
120 131 194 194
120 131 195 195
120 131 196 196
120 131 197 197
120 131 198 198
120 131 199 199
120 131 200 200
120 131 201 201
120 131 202 202
120 131 203 203
120 131 204 204
120 131 205 205
120 131 206 206
120 131 207 207
120 131 208 208
120 131 209 209
120 131 210 210
120 131 211 211
120 131 212 212
120 131 213 213
120 131 214 214
120 131 215 215
120 131 216 216
120 131 217 217
120 131 218 218
120 131 219 219
120 131 220 220
120 131 221 221
120 131 222 222
120 131 223 223
120 131 224 224
120 131 225 225
120 131 226 226
120 131 227 227
120 131 228 228
120 131 229 229
120 131 230 230
120 131 231 231
120 131 232 232
120 131 233 233
120 131 234 234
120 131 235 235
120 131 236 236
120 131 237 237
120 131 238 238
120 131 239 239
120 131 240 240
120 131 241 241
120 131 242 242
120 131 243 243
120 131 244 244
120 131 245 245
120 131 246 246
120 131 247 247
120 131 248 248
120 131 249 249
132 143 0 0
132 143 1 1
132 143 2 2
132 143 3 3
132 143 4 4
132 143 5 5
132 143 6 6
132 143 7 7
132 143 8 8
132 143 9 9
132 143 10 10
132 143 11 11
132 143 12 12
132 143 13 13
132 143 14 14
132 143 15 15
132 143 16 16
132 143 17 17
132 143 18 18
132 143 19 19
132 143 20 20
132 143 21 21
132 143 22 22
132 143 23 23
132 143 24 24
132 143 25 25
132 143 26 26
132 143 27 27
132 143 28 28
132 143 29 29
132 143 30 30
132 143 31 31
132 143 32 32
132 143 33 33
132 143 34 34
132 143 35 35
132 143 36 36
132 143 37 37
132 143 38 38
132 143 39 39
132 143 40 40
132 143 41 41
132 143 42 42
132 143 43 43
132 143 44 44
132 143 45 45
132 143 46 46
132 143 47 47
132 143 48 48
132 143 49 49
132 143 50 50
132 143 51 51
132 143 52 52
132 143 53 53
132 143 54 54
132 143 55 55
132 143 56 56
132 143 57 57
132 143 58 58
132 143 59 59
132 143 60 60
132 143 61 61
132 143 62 62
132 143 63 63
132 143 64 64
132 143 65 65
132 143 66 66
132 143 67 67
132 143 68 68
132 143 69 69
132 143 70 70
132 143 71 71
132 143 72 72
132 143 73 73
132 143 74 74
132 143 75 75
132 143 76 76
132 143 77 77
132 143 78 78
132 143 79 79
132 143 80 80
132 143 81 81
132 143 82 82
132 143 83 83
132 143 84 84
132 143 85 85
132 143 86 86
132 143 87 87
132 143 88 88
132 143 89 89
132 143 90 90
132 143 91 91
132 143 92 92
132 143 93 93
132 143 94 94
132 143 95 95
132 143 96 96
132 143 97 97
132 143 98 98
132 143 99 99
132 143 100 100
132 143 101 101
132 143 102 102
132 143 103 103
132 143 104 104
132 143 105 105
132 143 106 106
132 143 107 107
132 143 108 108
132 143 109 109
132 143 110 110
132 143 111 111
132 143 112 112
132 143 113 113
132 143 114 114
132 143 115 115
132 143 116 116
132 143 117 117
132 143 118 118
132 143 119 119
132 143 120 120
132 143 121 121
132 143 122 122
132 143 123 123
132 143 124 124
132 143 125 125
132 143 126 126
132 143 127 127
132 143 128 128
132 143 129 129
132 143 130 130
132 143 131 131
132 143 132 132
132 143 133 133
132 143 134 134
132 143 135 135
132 143 136 136
132 143 137 137
132 143 138 138
132 143 139 139
132 143 140 140
132 143 141 141
132 143 142 142
132 143 143 143
132 143 144 144
132 143 145 145
132 143 146 146
132 143 147 147
132 143 148 148
132 143 149 149
132 143 150 150
132 143 151 151
132 143 152 152
132 143 153 153
132 143 154 154
132 143 155 155
132 143 156 156
132 143 157 157
132 143 158 158
132 143 159 159
132 143 160 160
132 143 161 161
132 143 162 162
132 143 163 163
132 143 164 164
132 143 165 165
132 143 166 166
132 143 167 167
132 143 168 168
132 143 169 169
132 143 170 170
132 143 171 171
132 143 172 172
132 143 173 173
132 143 174 174
132 143 175 175
132 143 176 176
132 143 177 177
132 143 178 178
132 143 179 179
132 143 180 180
132 143 181 181
132 143 182 182
132 143 183 183
132 143 184 184
132 143 185 185
132 143 186 186
132 143 187 187
132 143 188 188
132 143 189 189
132 143 190 190
132 143 191 191
132 143 192 192
132 143 193 193
132 143 194 194
132 143 195 195
132 143 196 196
132 143 197 197
132 143 198 198
132 143 199 199
132 143 200 200
132 143 201 201
132 143 202 202
132 143 203 203
132 143 204 204
132 143 205 205
132 143 206 206
132 143 207 207
132 143 208 208
132 143 209 209
132 143 210 210
132 143 211 211
132 143 212 212
132 143 213 213
132 143 214 214
132 143 215 215
132 143 216 216
132 143 217 217
132 143 218 218
132 143 219 219
132 143 220 220
132 143 221 221
132 143 222 222
132 143 223 223
132 143 224 224
132 143 225 225
132 143 226 226
132 143 227 227
132 143 228 228
132 143 229 229
132 143 230 230
132 143 231 231
132 143 232 232
132 143 233 233
132 143 234 234
132 143 235 235
132 143 236 236
132 143 237 237
132 143 238 238
132 143 239 239
132 143 240 240
132 143 241 241
132 143 242 242
132 143 243 243
132 143 244 244
132 143 245 245
132 143 246 246
132 143 247 247
132 143 248 248
132 143 249 249
144 155 0 0
144 155 1 1
144 155 2 2
144 155 3 3
144 155 4 4
144 155 5 5
144 155 6 6
144 155 7 7
144 155 8 8
144 155 9 9
144 155 10 10
144 155 11 11
144 155 12 12
144 155 13 13
144 155 14 14
144 155 15 15
144 155 16 16
144 155 17 17
144 155 18 18
144 155 19 19
144 155 20 20
144 155 21 21
144 155 22 22
144 155 23 23
144 155 24 24
144 155 25 25
144 155 26 26
144 155 27 27
144 155 28 28
144 155 29 29
144 155 30 30
144 155 31 31
144 155 32 32
144 155 33 33
144 155 34 34
144 155 35 35
144 155 36 36
144 155 37 37
144 155 38 38
144 155 39 39
144 155 40 40
144 155 41 41
144 155 42 42
144 155 43 43
144 155 44 44
144 155 45 45
144 155 46 46
144 155 47 47
144 155 48 48
144 155 49 49
144 155 50 50
144 155 51 51
144 155 52 52
144 155 53 53
144 155 54 54
144 155 55 55
144 155 56 56
144 155 57 57
144 155 58 58
144 155 59 59
144 155 60 60
144 155 61 61
144 155 62 62
144 155 63 63
144 155 64 64
144 155 65 65
144 155 66 66
144 155 67 67
144 155 68 68
144 155 69 69
144 155 70 70
144 155 71 71
144 155 72 72
144 155 73 73
144 155 74 74
144 155 75 75
144 155 76 76
144 155 77 77
144 155 78 78
144 155 79 79
144 155 80 80
144 155 81 81
144 155 82 82
144 155 83 83
144 155 84 84
144 155 85 85
144 155 86 86
144 155 87 87
144 155 88 88
144 155 89 89
144 155 90 90
144 155 91 91
144 155 92 92
144 155 93 93
144 155 94 94
144 155 95 95
144 155 96 96
144 155 97 97
144 155 98 98
144 155 99 99
144 155 100 100
144 155 101 101
144 155 102 102
144 155 103 103
144 155 104 104
144 155 105 105
144 155 106 106
144 155 107 107
144 155 108 108
144 155 109 109
144 155 110 110
144 155 111 111
144 155 112 112
144 155 113 113
144 155 114 114
144 155 115 115
144 155 116 116
144 155 117 117
144 155 118 118
144 155 119 119
144 155 120 120
144 155 121 121
144 155 122 122
144 155 123 123
144 155 124 124
144 155 125 125
144 155 126 126
144 155 127 127
144 155 128 128
144 155 129 129
144 155 130 130
144 155 131 131
144 155 132 132
144 155 133 133
144 155 134 134
144 155 135 135
144 155 136 136
144 155 137 137
144 155 138 138
144 155 139 139
144 155 140 140
144 155 141 141
144 155 142 142
144 155 143 143
144 155 144 144
144 155 145 145
144 155 146 146
144 155 147 147
144 155 148 148
144 155 149 149
144 155 150 150
144 155 151 151
144 155 152 152
144 155 153 153
144 155 154 154
144 155 155 155
144 155 156 156
144 155 157 157
144 155 158 158
144 155 159 159
144 155 160 160
144 155 161 161
144 155 162 162
144 155 163 163
144 155 164 164
144 155 165 165
144 155 166 166
144 155 167 167
144 155 168 168
144 155 169 169
144 155 170 170
144 155 171 171
144 155 172 172
144 155 173 173
144 155 174 174
144 155 175 175
144 155 176 176
144 155 177 177
144 155 178 178
144 155 179 179
144 155 180 180
144 155 181 181
144 155 182 182
144 155 183 183
144 155 184 184
144 155 185 185
144 155 186 186
144 155 187 187
144 155 188 188
144 155 189 189
144 155 190 190
144 155 191 191
144 155 192 192
144 155 193 193
144 155 194 194
144 155 195 195
144 155 196 196
144 155 197 197
144 155 198 198
144 155 199 199
144 155 200 200
144 155 201 201
144 155 202 202
144 155 203 203
144 155 204 204
144 155 205 205
144 155 206 206
144 155 207 207
144 155 208 208
144 155 209 209
144 155 210 210
144 155 211 211
144 155 212 212
144 155 213 213
144 155 214 214
144 155 215 215
144 155 216 216
144 155 217 217
144 155 218 218
144 155 219 219
144 155 220 220
144 155 221 221
144 155 222 222
144 155 223 223
144 155 224 224
144 155 225 225
144 155 226 226
144 155 227 227
144 155 228 228
144 155 229 229
144 155 230 230
144 155 231 231
144 155 232 232
144 155 233 233
144 155 234 234
144 155 235 235
144 155 236 236
144 155 237 237
144 155 238 238
144 155 239 239
144 155 240 240
144 155 241 241
144 155 242 242
144 155 243 243
144 155 244 244
144 155 245 245
144 155 246 246
144 155 247 247
144 155 248 248
144 155 249 249
156 167 0 0
156 167 1 1
156 167 2 2
156 167 3 3
156 167 4 4
156 167 5 5
156 167 6 6
156 167 7 7
156 167 8 8
156 167 9 9
156 167 10 10
156 167 11 11
156 167 12 12
156 167 13 13
156 167 14 14
156 167 15 15
156 167 16 16
156 167 17 17
156 167 18 18
156 167 19 19
156 167 20 20
156 167 21 21
156 167 22 22
156 167 23 23
156 167 24 24
156 167 25 25
156 167 26 26
156 167 27 27
156 167 28 28
156 167 29 29
156 167 30 30
156 167 31 31
156 167 32 32
156 167 33 33
156 167 34 34
156 167 35 35
156 167 36 36
156 167 37 37
156 167 38 38
156 167 39 39
156 167 40 40
156 167 41 41
156 167 42 42
156 167 43 43
156 167 44 44
156 167 45 45
156 167 46 46
156 167 47 47
156 167 48 48
156 167 49 49
156 167 50 50
156 167 51 51
156 167 52 52
156 167 53 53
156 167 54 54
156 167 55 55
156 167 56 56
156 167 57 57
156 167 58 58
156 167 59 59
156 167 60 60
156 167 61 61
156 167 62 62
156 167 63 63
156 167 64 64
156 167 65 65
156 167 66 66
156 167 67 67
156 167 68 68
156 167 69 69
156 167 70 70
156 167 71 71
156 167 72 72
156 167 73 73
156 167 74 74
156 167 75 75
156 167 76 76
156 167 77 77
156 167 78 78
156 167 79 79
156 167 80 80
156 167 81 81
156 167 82 82
156 167 83 83
156 167 84 84
156 167 85 85
156 167 86 86
156 167 87 87
156 167 88 88
156 167 89 89
156 167 90 90
156 167 91 91
156 167 92 92
156 167 93 93
156 167 94 94
156 167 95 95
156 167 96 96
156 167 97 97
156 167 98 98
156 167 99 99
156 167 100 100
156 167 101 101
156 167 102 102
156 167 103 103
156 167 104 104
156 167 105 105
156 167 106 106
156 167 107 107
156 167 108 108
156 167 109 109
156 167 110 110
156 167 111 111
156 167 112 112
156 167 113 113
156 167 114 114
156 167 115 115
156 167 116 116
156 167 117 117
156 167 118 118
156 167 119 119
156 167 120 120
156 167 121 121
156 167 122 122
156 167 123 123
156 167 124 124
156 167 125 125
156 167 126 126
156 167 127 127
156 167 128 128
156 167 129 129
156 167 130 130
156 167 131 131
156 167 132 132
156 167 133 133
156 167 134 134
156 167 135 135
156 167 136 136
156 167 137 137
156 167 138 138
156 167 139 139
156 167 140 140
156 167 141 141
156 167 142 142
156 167 143 143
156 167 144 144
156 167 145 145
156 167 146 146
156 167 147 147
156 167 148 148
156 167 149 149
156 167 150 150
156 167 151 151
156 167 152 152
156 167 153 153
156 167 154 154
156 167 155 155
156 167 156 156
156 167 157 157
156 167 158 158
156 167 159 159
156 167 160 160
156 167 161 161
156 167 162 162
156 167 163 163
156 167 164 164
156 167 165 165
156 167 166 166
156 167 167 167
156 167 168 168
156 167 169 169
156 167 170 170
156 167 171 171
156 167 172 172
156 167 173 173
156 167 174 174
156 167 175 175
156 167 176 176
156 167 177 177
156 167 178 178
156 167 179 179
156 167 180 180
156 167 181 181
156 167 182 182
156 167 183 183
156 167 184 184
156 167 185 185
156 167 186 186
156 167 187 187
156 167 188 188
156 167 189 189
156 167 190 190
156 167 191 191
156 167 192 192
156 167 193 193
156 167 194 194
156 167 195 195
156 167 196 196
156 167 197 197
156 167 198 198
156 167 199 199
156 167 200 200
156 167 201 201
156 167 202 202
156 167 203 203
156 167 204 204
156 167 205 205
156 167 206 206
156 167 207 207
156 167 208 208
156 167 209 209
156 167 210 210
156 167 211 211
156 167 212 212
156 167 213 213
156 167 214 214
156 167 215 215
156 167 216 216
156 167 217 217
156 167 218 218
156 167 219 219
156 167 220 220
156 167 221 221
156 167 222 222
156 167 223 223
156 167 224 224
156 167 225 225
156 167 226 226
156 167 227 227
156 167 228 228
156 167 229 229
156 167 230 230
156 167 231 231
156 167 232 232
156 167 233 233
156 167 234 234
156 167 235 235
156 167 236 236
156 167 237 237
156 167 238 238
156 167 239 239
156 167 240 240
156 167 241 241
156 167 242 242
156 167 243 243
156 167 244 244
156 167 245 245
156 167 246 246
156 167 247 247
156 167 248 248
156 167 249 249
168 179 0 0
168 179 1 1
168 179 2 2
168 179 3 3
168 179 4 4
168 179 5 5
168 179 6 6
168 179 7 7
168 179 8 8
168 179 9 9
168 179 10 10
168 179 11 11
168 179 12 12
168 179 13 13
168 179 14 14
168 179 15 15
168 179 16 16
168 179 17 17
168 179 18 18
168 179 19 19
168 179 20 20
168 179 21 21
168 179 22 22
168 179 23 23
168 179 24 24
168 179 25 25
168 179 26 26
168 179 27 27
168 179 28 28
168 179 29 29
168 179 30 30
168 179 31 31
168 179 32 32
168 179 33 33
168 179 34 34
168 179 35 35
168 179 36 36
168 179 37 37
168 179 38 38
168 179 39 39
168 179 40 40
168 179 41 41
168 179 42 42
168 179 43 43
168 179 44 44
168 179 45 45
168 179 46 46
168 179 47 47
168 179 48 48
168 179 49 49
168 179 50 50
168 179 51 51
168 179 52 52
168 179 53 53
168 179 54 54
168 179 55 55
168 179 56 56
168 179 57 57
168 179 58 58
168 179 59 59
168 179 60 60
168 179 61 61
168 179 62 62
168 179 63 63
168 179 64 64
168 179 65 65
168 179 66 66
168 179 67 67
168 179 68 68
168 179 69 69
168 179 70 70
168 179 71 71
168 179 72 72
168 179 73 73
168 179 74 74
168 179 75 75
168 179 76 76
168 179 77 77
168 179 78 78
168 179 79 79
168 179 80 80
168 179 81 81
168 179 82 82
168 179 83 83
168 179 84 84
168 179 85 85
168 179 86 86
168 179 87 87
168 179 88 88
168 179 89 89
168 179 90 90
168 179 91 91
168 179 92 92
168 179 93 93
168 179 94 94
168 179 95 95
168 179 96 96
168 179 97 97
168 179 98 98
168 179 99 99
168 179 100 100
168 179 101 101
168 179 102 102
168 179 103 103
168 179 104 104
168 179 105 105
168 179 106 106
168 179 107 107
168 179 108 108
168 179 109 109
168 179 110 110
168 179 111 111
168 179 112 112
168 179 113 113
168 179 114 114
168 179 115 115
168 179 116 116
168 179 117 117
168 179 118 118
168 179 119 119
168 179 120 120
168 179 121 121
168 179 122 122
168 179 123 123
168 179 124 124
168 179 125 125
168 179 126 126
168 179 127 127
168 179 128 128
168 179 129 129
168 179 130 130
168 179 131 131
168 179 132 132
168 179 133 133
168 179 134 134
168 179 135 135
168 179 136 136
168 179 137 137
168 179 138 138
168 179 139 139
168 179 140 140
168 179 141 141
168 179 142 142
168 179 143 143
168 179 144 144
168 179 145 145
168 179 146 146
168 179 147 147
168 179 148 148
168 179 149 149
168 179 150 150
168 179 151 151
168 179 152 152
168 179 153 153
168 179 154 154
168 179 155 155
168 179 156 156
168 179 157 157
168 179 158 158
168 179 159 159
168 179 160 160
168 179 161 161
168 179 162 162
168 179 163 163
168 179 164 164
168 179 165 165
168 179 166 166
168 179 167 167
168 179 168 168
168 179 169 169
168 179 170 170
168 179 171 171
168 179 172 172
168 179 173 173
168 179 174 174
168 179 175 175
168 179 176 176
168 179 177 177
168 179 178 178
168 179 179 179
168 179 180 180
168 179 181 181
168 179 182 182
168 179 183 183
168 179 184 184
168 179 185 185
168 179 186 186
168 179 187 187
168 179 188 188
168 179 189 189
168 179 190 190
168 179 191 191
168 179 192 192
168 179 193 193
168 179 194 194
168 179 195 195
168 179 196 196
168 179 197 197
168 179 198 198
168 179 199 199
168 179 200 200
168 179 201 201
168 179 202 202
168 179 203 203
168 179 204 204
168 179 205 205
168 179 206 206
168 179 207 207
168 179 208 208
168 179 209 209
168 179 210 210
168 179 211 211
168 179 212 212
168 179 213 213
168 179 214 214
168 179 215 215
168 179 216 216
168 179 217 217
168 179 218 218
168 179 219 219
168 179 220 220
168 179 221 221
168 179 222 222
168 179 223 223
168 179 224 224
168 179 225 225
168 179 226 226
168 179 227 227
168 179 228 228
168 179 229 229
168 179 230 230
168 179 231 231
168 179 232 232
168 179 233 233
168 179 234 234
168 179 235 235
168 179 236 236
168 179 237 237
168 179 238 238
168 179 239 239
168 179 240 240
168 179 241 241
168 179 242 242
168 179 243 243
168 179 244 244
168 179 245 245
168 179 246 246
168 179 247 247
168 179 248 248
168 179 249 249
180 191 0 0
180 191 1 1
180 191 2 2
180 191 3 3
180 191 4 4
180 191 5 5
180 191 6 6
180 191 7 7
180 191 8 8
180 191 9 9
180 191 10 10
180 191 11 11
180 191 12 12
180 191 13 13
180 191 14 14
180 191 15 15
180 191 16 16
180 191 17 17
180 191 18 18
180 191 19 19
180 191 20 20
180 191 21 21
180 191 22 22
180 191 23 23
180 191 24 24
180 191 25 25
180 191 26 26
180 191 27 27
180 191 28 28
180 191 29 29
180 191 30 30
180 191 31 31
180 191 32 32
180 191 33 33
180 191 34 34
180 191 35 35
180 191 36 36
180 191 37 37
180 191 38 38
180 191 39 39
180 191 40 40
180 191 41 41
180 191 42 42
180 191 43 43
180 191 44 44
180 191 45 45
180 191 46 46
180 191 47 47
180 191 48 48
180 191 49 49
180 191 50 50
180 191 51 51
180 191 52 52
180 191 53 53
180 191 54 54
180 191 55 55
180 191 56 56
180 191 57 57
180 191 58 58
180 191 59 59
180 191 60 60
180 191 61 61
180 191 62 62
180 191 63 63
180 191 64 64
180 191 65 65
180 191 66 66
180 191 67 67
180 191 68 68
180 191 69 69
180 191 70 70
180 191 71 71
180 191 72 72
180 191 73 73
180 191 74 74
180 191 75 75
180 191 76 76
180 191 77 77
180 191 78 78
180 191 79 79
180 191 80 80
180 191 81 81
180 191 82 82
180 191 83 83
180 191 84 84
180 191 85 85
180 191 86 86
180 191 87 87
180 191 88 88
180 191 89 89
180 191 90 90
180 191 91 91
180 191 92 92
180 191 93 93
180 191 94 94
180 191 95 95
180 191 96 96
180 191 97 97
180 191 98 98
180 191 99 99
180 191 100 100
180 191 101 101
180 191 102 102
180 191 103 103
180 191 104 104
180 191 105 105
180 191 106 106
180 191 107 107
180 191 108 108
180 191 109 109
180 191 110 110
180 191 111 111
180 191 112 112
180 191 113 113
180 191 114 114
180 191 115 115
180 191 116 116
180 191 117 117
180 191 118 118
180 191 119 119
180 191 120 120
180 191 121 121
180 191 122 122
180 191 123 123
180 191 124 124
180 191 125 125
180 191 126 126
180 191 127 127
180 191 128 128
180 191 129 129
180 191 130 130
180 191 131 131
180 191 132 132
180 191 133 133
180 191 134 134
180 191 135 135
180 191 136 136
180 191 137 137
180 191 138 138
180 191 139 139
180 191 140 140
180 191 141 141
180 191 142 142
180 191 143 143
180 191 144 144
180 191 145 145
180 191 146 146
180 191 147 147
180 191 148 148
180 191 149 149
180 191 150 150
180 191 151 151
180 191 152 152
180 191 153 153
180 191 154 154
180 191 155 155
180 191 156 156
180 191 157 157
180 191 158 158
180 191 159 159
180 191 160 160
180 191 161 161
180 191 162 162
180 191 163 163
180 191 164 164
180 191 165 165
180 191 166 166
180 191 167 167
180 191 168 168
180 191 169 169
180 191 170 170
180 191 171 171
180 191 172 172
180 191 173 173
180 191 174 174
180 191 175 175
180 191 176 176
180 191 177 177
180 191 178 178
180 191 179 179
180 191 180 180
180 191 181 181
180 191 182 182
180 191 183 183
180 191 184 184
180 191 185 185
180 191 186 186
180 191 187 187
180 191 188 188
180 191 189 189
180 191 190 190
180 191 191 191
180 191 192 192
180 191 193 193
180 191 194 194
180 191 195 195
180 191 196 196
180 191 197 197
180 191 198 198
180 191 199 199
180 191 200 200
180 191 201 201
180 191 202 202
180 191 203 203
180 191 204 204
180 191 205 205
180 191 206 206
180 191 207 207
180 191 208 208
180 191 209 209
180 191 210 210
180 191 211 211
180 191 212 212
180 191 213 213
180 191 214 214
180 191 215 215
180 191 216 216
180 191 217 217
180 191 218 218
180 191 219 219
180 191 220 220
180 191 221 221
180 191 222 222
180 191 223 223
180 191 224 224
180 191 225 225
180 191 226 226
180 191 227 227
180 191 228 228
180 191 229 229
180 191 230 230
180 191 231 231
180 191 232 232
180 191 233 233
180 191 234 234
180 191 235 235
180 191 236 236
180 191 237 237
180 191 238 238
180 191 239 239
180 191 240 240
180 191 241 241
180 191 242 242
180 191 243 243
180 191 244 244
180 191 245 245
180 191 246 246
180 191 247 247
180 191 248 248
180 191 249 249